354490
43558
144886
252077
108912
300348
318728
512821
190531
50228
170474
81831
185790
399950
150505
338384
460042
76
152
156205
152
152
355588
467447
269808
506945
37652
14105
349432
318744
495396
509106
62776
122756
129205
220340
389228
249591
514247
428778
517314
409659
141220
224083
208877
379728
139889
369421
19490
408390
278710
436745
293010
466008
277201
304581
335274
300468
126670
437939
285436
451473
394643
499032
433103
59498
133733
187251
36033
461742
438906
464315
349391
185823
507387
80794
268659
177064
388983
101880
475627
504479
217362
274467
73280
121869
92440
39512
248259
79539
61543
67386
93282
6631
411000
267252
128430
86902
311732
314532
317691
325211
391629
475142
53474
303480
166493
76457
359086
218548
438694
5421
343980
93308
55913
408411
40418
429147
431909
161714
124089
168902
65775
202955
33087
188327
177204
414304
341848
294344
190592
115004
181678
189202
108446
487162
430108
288950
351730
337725
388878
340686
498945
60653
206698
386541
350181
320482
98926
482623
29742
470170
449294
310933
450814
367220
26689
485506
255826
206528
344307
152499
63388
405837
224564
312023
227016
515937
133096
464259
269580
472570
141471
211746
321109
429713
356285
245724
422695
399156
468415
213768
102818
161073
498488
214900
50963
342102
404470
209836
383792
146186
34021
78164
315480
25829
171397
357716
58898
400243
405251
150535
353065
37843
29315
54441
191677
435450
523022
68919
225183
30114
129802
22498
51674
183922
140922
74121
503178
349697
122956
336420
250195
67084
96378
157794
337190
293919
339013
442625
482815
90981
288645
500564
413103
32372
520372
455613
179708
317113
487299
144334
356002
386505
672
86247
174735
228329
23115
445565
401218
337458
374858
321525
254847
266945
460263
199408
514249
243308
271123
410611
222936
362266
423412
254198
49579
76852
202624
281071
508439
430603
35782
298180
35667
491529
13380
480127
181717
356434
217337
106768
223118
152840
99544
95441
502643
120810
200399
288661
17376
514327
448704
58003
318773
140974
230672
245039
184864
143399
64864
272405
163222
253304
450860
121157
4106
371682
141064
466245
486590
190981
114654
281032
475320
461954
160842
99293
366380
10457
132047
144871
372656
331897
387587
160915
123683
80787
330125
225263
255335
326203
146174
329905
104979
294329
314237
38427
194396
15930
339104
42313
315898
276587
442532
249613
370017
184864
372326
60225
173794
157794
200999
61214
161245
179167
3004
373603
8960
280537
413297
444831
481220
177909
252942
67997
444414
227957
88519
357427
411705
117833
34761
43856
98948
259191
283992
163772
446562
20671
429158
215919
193710
13557
33215
286431
459589
188539
41322
326414
470980
219629
150309
418695
176170
464084
444140
240521
308108
62785
48274
295962
37384
356105
29172
263811
20303
156311
383586
353899
278252
399102
73598
160434
196021
316803
270009
204818
369660
266967
264503
212309
322085
259397
269061
312375
486602
457402
256704
179119
86302
262921
437710
436133
3869
354842
9950
415315
459652
25292
22461
238127
105006
189502
185694
333216
172065
271674
328463
232175
215067
270026
252857
43349
273581
232511
448952
110574
1424
200992
458929
127235
68044
247917
344410
317995
410785
388410
85806
270694
206980
112007
58443
115619
443200
57837
323899
290828
47189
79868
490225
137064
94124
120410
274484
7706
142997
282961
482916
385832
138316
267501
518754
468328
84779
134052
465026
74539
94784
328732
512310
64328
322157
376114
418449
194707
91422
95605
498304
182172
253938
326918
504418
28269
510244
385939
224796
169991
415839
206413
232110
106717
336568
68614
263366
143939
180298
479474
517296
67469
98563
203086
148729
120413
225836
344941
343911
167399
415738
311064
269850
288335
505600
82666
191671
497785
41637
117619
406165
155148
472690
413541
184178
422676
444706
390669
405504
444845
310151
440673
301405
267790
343050
247579
278542
32504
451084
399380
72045
53284
367073
435306
39291
385124
459288
326837
215492
155263
296083
105267
390017
183467
196198
455275
241385
162294
74258
31026
29761
412609
200714
64263
156188
35720
62079
243703
156253
137688
426199
399217
463722
396015
329690
187542
164964
179833
86579
280298
25401
221179
231315
46005
253226
137766
147515
217797
118153
182965
336839
215388
351196
159943
516875
175282
340658
86165
326946
122193
419695
31667
80773
200795
269130
390360
40933
178172
414380
463534
523183
343170
150662
508453
372233
220396
32145
439803
96923
152401
14320
469729
246195
359586
168740
383991
429889
403656
62929
310202
306770
168627
56638
314438
48776
312949
250608
419584
317676
514166
242273
386966
315278
515782
20304
430329
474805
139580
291768
390848
272519
494726
191794
351265
57877
359128
73476
492804
99955
460452
487133
385987
507475
237690
401596
467304
173002
280652
303993
118747
516087
182117
522724
105523
274875
129148
321584
384660
281141
181118
101867
312636
343311
92744
346045
366058
302569
318573
523552
186666
185058
149656
261260
422054
33913
320537
127968
222491
441478
322696
506088
212564
494258
223312
42952
400145
518437
319944
188376
502293
271283
396617
260582
517708
41139
288995
436233
418850
33848
209597
230980
49092
304812
469464
472143
497237
426322
57564
360677
6140
310553
7543
460809
315766
471488
137947
498729
296627
102257
126256
500762
374892
408754
167162
263975
146648
168909
463207
270511
156219
419118
260996
294826
333487
420172
183100
313341
86176
322328
457905
150789
209801
516998
395331
263534
176652
184167
297847
238273
320195
504545
75052
247967
421517
315380
493262
173414
248184
100195
355901
7883
118379
360437
177482
380403
162833
401591
98651
63037
141895
100486
288246
516883
186774
298134
138761
343977
267189
360082
431853
414906
291645
53830
457572
154851
184706
519896
440230
2012
33936
302235
124053
122438
510681
192148
336617
7536
117926
304919
87337
276057
461086
239406
46412
230127
258382
226595
362155
130102
423371
432081
416530
312229
48588
359132
245060
300951
492766
475477
250055
218081
341216
252780
244040
417024
33194
472260
178728
315740
300036
156657
298654
323080
475480
97048
393598
456540
341362
39667
433022
281568
163809
331707
202768
2823
89126
209070
186011
261933
309142
448269
261467
56852
227165
10809
5263
306021
430923
21658
389260
494854
287283
17987
27277
499280
128349
10501
280974
35369
254467
327244
490847
73348
127903
337737
357466
110616
25380
505053
394847
226933
137243
94279
267788
296935
129504
410825
505981
135210
113447
22432
456250
22729
468846
493279
315883
464323
21264
227202
507718
250845
205909
20811
377500
402780
4587
204807
352088
3701
28409
394071
379230
446949
365528
150895
237408
506492
376927
166426
29019
345526
452151
412352
474282
446670
31117
222286
191058
214322
469452
520573
211729
59403
432489
27690
278618
446240
61055
496608
257333
4885
208208
32147
300778
219531
288568
365752
99457
293924
399198
61703
411926
248935
103939
361799
373818
414630
196956
139730
501586
264005
465619
81607
517065
306036
512515
60037
435964
171861
55917
155409
372679
433708
451874
311246
424843
118531
356302
241686
351254
151226
265139
151229
472434
482624
29325
500953
168680
358730
79065
517249
62656
70863
192032
340196
441068
234176
427557
141360
3910
147141
241091
498464
8463
410095
387997
520951
442375
428908
289499
489683
250048
365714
90037
442731
40873
164193
268391
337225
421241
224318
152136
478600
398828
217192
243993
177145
215276
464720
412765
63459
346444
460530
274042
488146
34856
45876
137854
452852
364089
66182
219923
45692
14872
509885
426913
218310
454826
50016
129681
31862
116463
194763
271509
178346
2438
502131
98700
446659
14482
521776
326845
156714
163189
74813
49362
373226
352699
6743
99539
463410
202347
348167
482663
513283
239726
486343
250290
329200
396949
442335
278195
306552
226016
315944
486578
45078
437194
247646
276469
383168
410308
367733
353328
37966
59443
439876
382369
179126
233210
192001
408104
115307
494368
295022
311606
340634
402951
478575
34232
184107
286758
7067
105161
298333
443264
400137
232366
430232
472377
500864
203126
477375
32405
355685
375112
436895
93340
230920
95952
442285
421986
205144
401197
254946
358932
186035
136515
472904
421510
329944
13428
458458
343663
497360
502591
326655
62176
376240
429146
388210
298795
115424
144550
316331
286515
36392
458137
292931
276489
301905
6462
336169
220253
21532
139132
228121
2806
253764
462771
46680
39238
335366
339843
139064
64030
152
152
179125
330434
377293
341473
379735
275295
226705
103854
309846
148887
416448
350377
223534
7650
188629
467964
85554
390788
479270
494497
423175
108701
286638
306061
286848
498946
210832
127236
342232
385862
91636
373517
204771
326994
66410
156376
303069
399511
455968
230248
241542
355898
496930
251869
505877
346126
397099
44012
22272
319535
379754
131536
24659
120584
79313
444730
488195
109522
166184
466485
25058
513926
287221
383531
518089
14887
461930
174624
74524
200988
360160
515943
153857
24582
136655
358654
429240
222094
1408
363998
427058
480128
503829
350503
304689
315787
273752
127780
324817
409033
364176
433271
439848
499141
391939
381175
440771
178232
282222
387795
42865
311665
11568
198413
288698
186835
437604
471839
474565
438433
296961
424571
294435
174357
211617
425943
200698
371437
239461
280219
17686
438591
247992
60193
518398
412558
197714
230169
209981
464254
312243
217363
488651
398969
380648
404256
355315
484049
22782
285754
151065
105728
15397
507097
346858
250450
307745
131428
515797
250075
65907
395404
162638
217825
174904
47638
382959
8872
513347
373102
12260
157976
92298
111593
498509
155094
153473
84956
378338
354234
111659
136428
156032
434748
135728
290300
124510
282512
331318
475138
81183
357534
294342
131716
465491
37991
9931
172619
138099
493136
346634
258769
340848
188794
514479
28465
433422
357838
491892
316995
381388
103030
308426
118824
100083
516262
147404
120239
96925
275593
374993
105582
14869
451548
356516
398942
118857
117005
230577
248125
491544
53784
135865
485894
22370
424568
226123
25549
105137
485228
264666
61651
488953
229347
21314
150781
374369
16707
188326
10484
428504
124311
499971
200109
410812
432607
220727
394761
161905
317447
390777
511801
426107
174755
378265
171828
239665
391500
342316
309762
434550
476478
285030
260383
316741
3141
57389
322877
439058
184614
228684
407447
214032
522530
44811
233361
444800
176
135332
308699
195034
192556
438643
246216
484415
75764
202914
352130
423730
367058
34889
126638
128060
60618
221677
147103
266007
122146
471646
426006
447010
177551
95196
499088
349517
421293
297972
274834
345532
51182
48170
49887
146794
197652
274057
378134
375663
200208
499877
108570
515725
277549
307632
368766
363485
274786
472049
71106
124702
167013
13298
281331
406401
223207
201307
188570
24036
191989
28096
462206
491451
202369
13675
145143
349882
72074
309777
18386
135498
405415
133067
137891
30453
326036
223989
14651
490184
257141
408057
508265
491851
100013
181938
421740
393553
267122
188361
260619
486024
205658
68501
261530
30326
305831
241477
251587
490839
481110
238230
81782
372891
150822
359336
181777
300746
510682
304984
446118
380693
240825
162727
181669
176158
413844
246388
470279
361844
147220
130502
292054
180831
151653
47883
282765
307717
257863
184500
167245
285707
78780
82479
432735
285279
206274
160086
213034
149637
236490
11912
419535
465129
319088
429447
479198
523412
234999
150205
65920
96185
437093
294192
481985
451867
299712
429547
152648
420128
478264
450793
436114
161396
106034
27981
181189
296167
119509
166764
144036
234116
401366
196905
313537
294822
160342
426882
448194
141229
316056
345848
383718
340535
363566
197869
300966
369452
511230
86873
129981
207788
89342
265309
87018
490878
70148
489663
289832
443304
412811
302864
4352
367785
499033
444294
137171
5393
346211
216915
213720
331913
282884
192536
269274
353847
469836
68660
206454
342614
213858
156946
324720
371374
287466
43515
160317
111407
332909
411609
349945
337751
30819
515595
92347
151817
403318
56335
473875
81637
149632
401621
172249
49176
130959
53100
358328
191627
128418
460117
506522
506545
162479
126281
169724
241135
38354
157516
78954
27702
423167
84969
218636
316706
43423
253092
304597
303006
177160
82600
135905
57723
179487
462767
361851
137452
433203
457103
185714
127432
216340
145864
512194
78326
226918
521238
40764
222330
20455
299304
448649
448525
329247
470907
521398
371842
376612
17953
296475
220337
36632
329503
381218
213249
51957
417
236942
455514
144280
49562
457789
40800
366613
68773
135761
364275
345367
21216
438419
233030
256735
30630
518211
141029
432717
377771
88279
520466
395084
156283
335476
412584
364948
407258
372870
345576
512077
533
126573
425816
441570
73182
393314
49606
487623
52618
102109
279680
233398
87184
155940
379457
125637
94127
98688
161196
363222
440324
157211
283308
242387
147781
210191
468889
434055
234353
208065
351677
88409
392640
6784
132164
214222
266074
332364
6733
370292
41797
477765
471076
501787
246870
371900
26497
520508
474889
198391
250238
3963
176806
249090
248502
25538
218700
65231
112891
37283
355907
47534
258312
344763
368970
394211
350722
62602
56091
60903
506721
234221
92872
111185
440703
142241
460489
281419
42585
490250
81352
58128
290581
337848
383140
494750
461324
323514
81051
524278
400888
352249
145887
301933
437175
268139
277732
430779
121608
460180
234204
333184
200216
179357
417765
236598
387322
16825
503557
310034
109422
208167
362380
499140
372285
508043
127528
179731
151867
524126
135225
277898
339926
447221
437305
375674
482937
174264
359932
184681
344561
168914
188691
308039
101358
277737
501692
385261
251102
272541
128406
376473
330996
386357
173307
212612
185952
371585
94260
506510
271651
330043
395646
105592
138671
266908
358253
264736
355158
159803
508302
162089
330363
59638
77129
239906
293200
259523
78261
312329
102785
7851
99458
174384
277774
145109
138647
82225
407015
509424
296999
340400
262091
117461
394182
24718
166418
234585
331585
387480
273862
305530
448654
116462
100098
61074
34277
379822
455923
217140
170245
198991
305746
303414
453626
439604
2777
86125
431293
478860
342941
510660
27323
292828
394501
238266
271462
385846
273882
480242
227080
64789
393874
132046
314157
512274
91661
496429
199438
441411
226365
449173
233605
113046
517998
213604
55648
445629
473415
262965
15228
211044
508156
51039
423811
106670
337791
82711
247850
468998
245149
381087
518324
158044
342355
365450
231333
92818
517349
478823
124665
17823
278642
154715
31875
42663
212195
131693
256890
256770
80243
248865
436491
374222
156349
369947
288713
522477
120292
508994
472362
94535
433476
42116
154200
372707
498162
518142
420398
274661
363729
216161
71946
320174
53998
168991
204036
332974
48584
407243
176642
320363
67424
162678
165435
223816
490806
489331
299283
346893
481943
238179
159158
110423
408029
227299
107610
351144
447232
134195
405695
228995
209985
460381
304524
246123
20524
88776
37042
96852
268998
254820
260944
169972
45399
437761
261780
269997
171199
56278
186383
360537
250425
369421
447838
463462
239580
480040
406468
88070
341310
400425
411251
374442
367800
483077
87774
496863
305492
496352
147410
317093
62583
73790
351357
523572
128360
55260
510147
350647
381235
286492
58694
468527
418322
505669
521974
264286
257845
186221
499096
369853
107733
246664
225412
459976
39516
119473
470080
75958
165928
372775
342608
71132
18025
351370
196908
212714
393559
373578
201490
177889
248517
254350
221030
139148
434319
290540
70998
295515
197675
405950
144104
6191
507845
196781
146188
521685
230607
463533
114595
117504
304880
112057
199573
175133
279934
517947
458655
469840
117859
439923
376732
104750
507002
7000
488240
121808
54949
295743
506563
506529
516808
261138
75488
376310
125143
237141
375667
54400
383616
497588
47001
408835
29306
404607
25416
296531
127326
429270
106148
58412
278087
358815
439251
67756
262487
128367
260336
88082
451373
443696
513622
483313
487757
467043
194366
174832
233443
463272
425170
407385
299830
445061
14749
434285
192530
23545
357688
363304
351222
288319
352545
388489
260843
363258
295455
37991
67514
16048
225760
410738
130614
219758
287306
81675
114686
393609
452554
134737
27231
185762
427579
147299
181847
90613
256755
27869
285125
334387
218642
260410
293540
472586
57289
18853
43845
1676
31855
185394
249793
171767
156910
199619
274341
380744
398155
505629
345605
514473
58833
325145
336415
260696
451170
355429
495575
445740
482092
151687
350604
320825
19255
218946
453895
138873
25801
83766
220992
471877
100003
503207
22326
94066
202450
437101
366101
247908
346105
352261
76294
269978
263152
158694
245832
66425
296788
459962
171295
29911
239559
23198
436306
395417
268145
406379
155410
105957
45462
397979
171181
15068
87733
82474
24387
352237
498544
316941
336151
312670
319927
41290
391115
43259
186384
506569
241716
54
284660
354553
343941
337303
211851
475824
415285
391859
309589
157419
414170
368166
45133
17971
198788
429488
37
402803
139673
415636
167242
276567
390516
374547
472588
240138
1854
184991
55046
335425
373558
35
1608
218548
116388
149778
362607
444922
57644
465377
79352
317917
54021
160589
253
440462
56571
384191
305487
23462
194040
77139
362204
150641
139553
1499
207210
416431
314133
178600
486867
232434
269351
80721
110
78
99576
273367
354036
496824
98158
896
282556
247094
131327
246792
1468
12943
336067
1438
45
423805
341881
231045
396912
268213
517388
491391
83351
421625
307314
81822
264635
465412
222195
365686
209355
64564
125141
20959
202238
85521
301717
213641
399254
121550
230819
512767
360453
373241
199095
449662
6212
290817
80885
272713
40593
209846
68427
61716
35358
362837
460748
79889
171105
337713
262093
521028
105220
140288
76
169555
268450
75132
238448
302651
333590
91527
513234
59630
299628
479514
429428
402402
513551
238777
122214
52390
394821
482007
342086
432102
510771
323433
478573
80350
477237
147586
184001
134804
252033
99021
439301
488106
367837
358196
128715
53995
20336
232475
378601
441897
323432
418279
126168
95113
478792
167556
294718
45016
430798
492996
365244
220596
394578
208832
41035
383135
476194
37560
160586
159863
475285
350433
393525
295403
264994
473769
426915
406592
129827
406945
411418
273598
420811
223133
192798
314762
367248
251766
85493
285044
277832
510314
335643
438025
430211
323253
135695
110815
471614
295224
208980
336510
298529
455688
375412
71593
371204
457648
469870
352068
274350
191629
250330
199331
246794
492841
17454
109232
221762
69250
376720
67253
15585
89857
257701
271392
260242
232903
470558
389105
495130
181562
494187
223196
405879
295971
130189
497994
341610
113527
445890
108469
215063
450955
268984
110199
87908
455521
362927
279227
194897
503157
254490
8892
401124
181580
143236
337444
365135
116919
102431
76
153870
152
519450
180626
347682
152
501616
152
124208
311034
520448
338280
249793
406671
475893
76310
388015
317960
32186
36076
464612
106204
393363
170242
521873
393017
256505
28605
201140
518871
239543
127111
135523
32152
403990
76370
343087
176062
169795
41686
195796
460735
179851
315816
512078
46028
33489
77882
160199
425012
160079
60331
523722
449510
159879
247967
184077
8925
392528
26943
159546
2259
374952
267093
357278
502754
403554
159584
10256
508347
49052
386487
154880
437147
14767
324070
42093
226348
421138
11446
507536
116705
286175
229716
58034
172763
100520
194650
22788
125973
249511
391578
108301
329767
195563
19069
180554
428827
378
402940
176147
265504
409108
431225
247801
179570
13166
52850
1360
74733
295257
519793
31795
83630
118559
332250
32957
418466
8232
119611
424581
312504
498160
393695
270269
10652
242401
197655
516713
311721
35078
499780
213268
342053
401508
260615
156982
396885
424498
390234
281814
516282
91047
269738
421581
510673
262983
125102
303227
291733
494403
448048
423366
280972
199003
119802
486133
153140
333887
79308
120313
410448
327108
438415
173996
77625
201222
271993
184382
467564
438048
414039
363083
311486
92081
139688
267177
421002
472789
334006
204620
428513
409996
275322
348916
415329
230173
284588
390682
440789
500966
344274
362504
302231
8478
68404
474400
508762
177538
239787
211091
176343
88610
388206
112186
313057
512095
460832
263266
25876
236328
213169
190907
171780
71409
507819
74504
419717
17061
492399
173214
301994
412820
47891
120004
372868
342204
259191
362750
382579
495536
447113
324361
509702
264600
451336
110671
70205
100669
317446
422591
90928
85161
489208
154618
186832
355994
443938
106469
15901
262315
11837
474813
385478
419031
522637
8753
226124
504534
219456
427789
239658
467392
467820
172359
82141
129832
214161
86461
343378
128815
242798
43470
487262
302216
126466
181779
512880
178414
77100
459428
187934
281964
502686
321145
286941
507292
401445
237038
13328
190800
89400
240351
445126
509605
210373
82534
55465
435497
177410
386629
374754
242464
8409
100748
378051
26446
346326
485729
386130
130118
209057
445422
198842
211034
299920
359688
108677
393115
379644
258241
2709
520347
253061
81171
468779
496198
215258
414348
208345
183919
34397
280055
513833
193316
202047
512662
381913
428974
167961
10825
160898
179628
199105
96497
254877
121313
173547
189840
312385
186471
178637
63592
150190
326500
121284
141837
369739
392976
63981
217941
503326
205953
197513
28868
149153
277426
269881
486469
341661
114060
352006
111166
98414
436439
386771
483701
380884
236924
305268
482973
467580
465666
149744
335823
217043
354729
271923
66603
387227
520356
181057
171063
109401
462206
428721
519276
34349
24568
407357
127416
66529
48742
373801
89648
415321
38701
172480
12536
490145
249440
6337
517519
480295
73017
337442
54022
434930
17555
237667
110929
83186
247347
27462
33112
31371
328199
152
214840
152303
315047
326021
257440
93020
87339
393470
118278
251791
390597
163100
332862
422199
190115
347296
262821
1215
219990
213996
22939
305241
130184
53535
424113
402692
246550
363409
159643
321867
386807
349149
107492
314777
387783
331240
214501
504338
219910
334399
375514
351493
51390
210298
256307
51914
149099
263505
21825
207582
265170
251372
24582
517174
457216
222799
429115
272790
228219
471385
120442
120656
7128
40159
202754
25981
39581
278414
20465
280805
131669
344365
376314
259673
369179
459960
402931
446617
216957
244238
235935
226224
170849
47603
9953
248761
337583
404852
305935
463378
290172
13936
58033
236334
37625
338940
118873
204556
230546
399672
518956
484714
324685
392873
289311
230333
55013
197799
430274
522717
357498
287646
424667
479319
353647
461495
250572
251547
179327
389995
293225
95858
311960
217149
153665
266435
124422
190907
486644
259820
414249
448961
242618
153267
431142
214692
385904
498752
477560
331855
313893
3592
8991
515472
417262
95407
372066
331719
106228
31681
55243
102597
59264
222672
522315
84076
399876
475393
400815
61678
162552
376686
323250
400675
74969
512455
340015
73268
417895
137957
244042
190370
79217
61095
357972
126056
186070
50810
459793
377295
50539
207459
382886
95544
65684
175717
292535
41739
234358
479354
270445
448832
263030
423561
53080
10994
506899
304915
74024
273344
52304
203504
279430
447393
119384
160668
176967
189680
524129
227882
477637
518429
472894
221551
435180
192943
125318
53569
37383
193930
284810
251764
362897
74647
393779
463454
351882
225162
102078
449388
24131
132089
439837
33860
247360
116312
255280
236673
329035
396237
84445
240111
436520
240942
173409
105958
66829
483452
248762
410782
61769
82896
12753
457040
89862
323727
489136
344319
70046
114803
502513
172877
463165
267829
485085
419762
241128
328281
146088
262648
301004
452085
252029
395586
3068
209367
203809
355439
292584
69853
518363
93476
337445
313549
148497
205298
361247
175958
128361
355169
122881
110813
115110
453303
325089
438987
295013
268414
143688
27990
204883
224297
480363
439063
110936
260617
515141
420126
19052
403309
49081
472433
30530
133303
208525
61857
199
85030
33133
416007
487397
28332
470795
240677
454704
466398
296361
228424
190796
227558
126555
20053
230626
167497
501973
334033
139823
60647
148879
154495
23956
41371
285384
294935
324843
272321
405169
428680
505996
451
160572
290289
184804
197429
230829
35780
231799
307880
161926
485656
434213
444780
455829
75597
444624
177807
267506
132776
260959
267403
366942
161552
260532
60278
227710
167742
86034
295135
417138
488403
359480
464937
512107
368780
184037
390771
79912
348180
333900
403838
134705
56683
304154
329670
205657
490643
473702
119256
497930
3181
254611
209862
228040
53442
430207
516192
156559
453738
300993
204562
412625
38516
412445
161063
41260
472011
96994
237623
93718
67910
377716
238616
217767
100083
96745
507297
169299
158977
74363
250188
467375
166255
26306
434440
90660
380299
171157
190407
372425
205234
395603
185675
323969
134829
293558
444004
374583
333854
335074
333886
223829
285794
426670
453008
479373
98428
383408
481308
492891
133448
454564
2299
315316
81578
29484
129408
461585
44085
230769
452023
88600
150837
382672
177707
325836
390163
225996
454082
179292
311081
519919
301988
451888
219081
422020
424882
388651
282673
375398
291478
437283
147068
135661
236299
480954
85102
171501
142244
139756
488430
107798
501511
191580
312719
41533
179340
136889
153826
87204
100688
346424
167516
382711
119128
116303
42960
328727
478168
323128
94080
495142
147726
346107
434883
254508
245632
507510
87785
253545
120768
22142
187716
394121
174601
314038
247146
69766
450866
169212
77222
62034
185098
320036
155579
136321
112103
137506
10802
156753
200376
39273
512455
257656
420660
166530
6157
361110
204706
523918
236093
489275
265320
352065
131312
300951
242587
244987
120371
318509
55360
160513
312180
391313
18566
469171
116687
69390
384934
468466
207520
298151
352241
109215
336153
351505
56137
292743
79890
512379
395519
370189
352693
236262
491271
282122
135209
373509
199026
326119
335515
229126
405371
206030
126438
188099
346886
474613
179585
353669
219723
441984
46731
337062
46277
92970
67359
283011
100446
160581
172095
361379
313594
513487
97274
41195
229799
76382
519739
386685
128386
353078
393632
492835
290686
114248
457072
190677
167213
501420
400182
196386
138208
394978
130966
489031
114650
499345
414092
165277
323648
304338
408803
122493
147367
198213
237419
218642
385599
203040
44622
126097
14042
326168
482386
413646
457103
289179
121496
241406
152036
157807
432780
167293
376712
5016
281189
480575
34528
399378
501484
19716
154408
425837
188977
462907
423744
12599
234784
422545
207063
401986
59514
163371
360554
457795
368512
88207
119925
73349
208183
437226
38617
240165
196777
116816
497352
67030
185427
516391
226882
42526
405811
520068
512467
25557
329309
509023
331605
148614
216455
494913
464356
459216
83245
435476
380104
519016
487431
428804
316013
324897
219533
264115
392869
15573
123554
447120
265515
451025
184427
449472
360785
49013
197598
151285
93684
228835
245524
520600
128783
96682
19353
157531
124459
129934
446401
239403
103919
516769
246985
391434
102939
246802
483490
455811
520144
146415
107459
45420
289685
282601
10657
311127
223276
268988
523981
114995
390371
208498
150935
244188
203570
491220
170869
503813
285486
59674
301670
83124
208302
294480
345435
233903
154809
124986
442284
158916
515975
211221
415756
121907
174652
392605
64074
129169
27337
143637
480860
504612
244481
285862
64669
9134
203076
516245
239455
394576
96892
488545
82294
102519
114008
152581
472519
38799
18995
136899
121396
193587
457151
313610
512510
177009
215835
378071
154703
302724
269005
275632
460203
401580
413963
408208
8074
380495
356092
239941
222490
215635
279393
413137
31867
360125
77389
464547
175628
423254
202450
53431
359299
222756
280005
234619
484781
201050
173430
152487
433994
457698
14933
426346
353868
351661
257872
84061
301236
43732
164021
247492
331859
507463
398127
384023
334972
387243
170679
259284
475959
457861
450220
503133
464940
238572
141720
289396
468624
134577
188880
263503
223665
277042
145844
433446
102888
419148
349256
64320
11740
52458
302072
356568
246723
297611
9099
122768
249440
195615
216363
238978
309098
293047
261902
197464
349188
468558
17383
482777
422306
18345
481678
63255
325481
95649
433521
42271
411240
148164
136564
509089
356027
345438
150558
414810
110657
274311
301133
217306
5720
230101
264300
315310
125591
359848
172718
263080
349416
109215
447867
456756
95783
21411
334538
245057
377209
151682
251737
278907
247154
186339
427650
356192
368469
485855
366769
132977
221645
52308
498960
114077
417406
5319
175809
211059
93991
246483
38992
258298
68374
4199
506972
250059
341180
129227
211748
115281
37407
182495
397217
484918
17680
186680
519615
305440
312914
310932
482712
497108
376737
374433
228212
1010
216559
219934
512891
488122
419713
488075
301331
16312
207869
153097
317076
51011
350849
250482
351929
212676
472086
376873
162227
107079
266126
241997
178074
400988
446689
90966
468496
448233
385365
46062
229472
467187
177428
130548
296078
138913
488043
519605
335382
190727
328686
425249
447489
260732
419877
219836
401468
345262
270040
48349
399150
239236
66902
500089
300712
292584
263901
326773
93065
476729
127539
385118
94957
101121
349658
430903
496689
65059
264086
283823
123434
387662
456486
239879
405060
503578
273502
127409
416123
256264
190023
486287
447846
213330
62627
508250
168169
2423
277720
50834
77769
312752
85302
170051
324775
132114
88441
493702
259479
489878
296524
18652
7480
324335
293281
516618
157137
17254
178790
512300
25010
148736
241352
86795
81595
318138
259246
329081
264028
19936
28832
150860
180271
297967
354797
334558
337317
185557
75626
292403
522788
113797
52514
4998
245568
438018
293381
188821
454781
475977
49971
441005
335759
338333
317274
80411
53338
226821
239617
291516
308966
349723
259144
275121
354807
311024
420460
99604
278859
110730
493312
49047
314011
489420
146316
415924
344528
227961
107835
105771
155376
218797
385451
172834
454415
272305
87893
44270
76398
230963
266636
397369
169371
129691
145554
458486
144806
186354
77572
143497
468968
113987
18246
191975
481137
293035
195672
125737
462989
222225
478054
212541
173758
66858
212548
313243
194795
495783
260013
301714
55144
107791
83760
64878
70955
59311
300786
56139
116924
33658
300310
40869
234894
436141
332053
12812
301118
356394
475449
37177
486358
419945
185244
61306
103164
79955
237816
126625
177417
255300
274103
210293
217372
280187
164536
94139
32012
410486
207295
63025
213039
465837
285194
12658
508510
347441
140848
5585
452276
426657
159454
6657
252428
157675
321469
356307
499113
504611
347883
201389
126701
435415
425763
320811
315442
222746
439172
490160
112529
49494
483544
523658
1427
22508
377261
106876
367173
252741
234262
304618
9941
98230
491096
284253
389915
494300
491231
461705
132569
173789
279041
465813
513642
103648
40127
102376
517077
105289
518501
150707
146041
508494
312194
66839
228212
414632
236636
105625
6805
220381
509476
494798
340252
181782
102645
205590
88006
37879
441608
38238
447480
449241
109115
492016
462352
211676
475074
251719
324383
267503
495892
75086
102
463244
250428
259519
159227
257672
148507
425323
320422
333869
148745
278040
162367
249199
421348
506881
483249
404753
246261
76656
106869
277795
291802
310536
463074
303482
478318
251492
207978
442919
140134
516712
390404
100924
501667
171289
34945
265065
108064
485801
87971
292018
43508
328726
484716
174355
162890
183946
214955
330161
370847
429965
410081
517967
184398
89919
440846
118716
98312
482700
372678
71413
510177
279834
53434
318579
333591
176801
88877
410803
302873
442201
384538
61344
81986
203334
235341
176484
120767
352812
522292
193412
381802
273227
31184
191604
47434
503206
37412
42661
314902
492092
2873
249889
179106
199272
210867
334677
102209
367730
364080
449166
386797
423082
312565
268185
317439
318708
154225
44542
281249
347822
188887
401117
297531
399847
242865
446502
523366
99340
174127
127853
439348
443986
306013
201824
133344
357243
12600
192846
80419
474783
107366
274924
441565
502892
67489
306568
71542
118740
409546
454876
102866
257639
170501
294669
440613
125797
226852
83253
303937
437409
32489
339602
459183
218323
298528
369558
207816
370839
86046
465111
502207
365451
411984
167123
511903
207046
144582
301951
193347
284374
249821
500723
1744
128797
181681
304576
212774
512331
313197
333591
314169
309079
259075
284763
444650
358552
484753
53
386512
186506
57513
198781
58390
71969
465946
385126
393975
51563
459009
255530
120
91873
507159
2266
497080
191689
396039
302583
439988
226310
53696
1053
209961
498306
147698
437914
212580
13017
6514
260129
961
291383
397818
46616
412641
54840
250304
103
184844
44534
114537
245896
683
10970
90004
727
97
13284
129626
210025
27529
18584
264838
212155
227185
369884
257952
492764
464304
149574
94972
392168
326423
167206
12461
350202
208103
285333
131478
427357
166012
519315
244916
166478
150740
66946
392894
111469
380646
182548
460589
467846
375862
99879
358086
249135
487597
513373
391585
210902
383282
451100
349709
320493
138640
119277
334131
406750
403763
118006
490569
471084
254924
308305
269955
59442
248640
80509
272594
513070
345752
187547
422630
243832
216040
459642
100093
83792
256811
202241
193628
256779
73709
317355
286841
429341
111088
317308
365575
337752
342205
521966
449317
320919
479608
295441
518996
509053
452557
111937
236215
439695
328191
136869
255971
268089
52294
262914
42371
274232
105046
119841
150752
222607
197413
128092
29600
510564
75906
349197
279388
412380
256696
171431
175505
37544
215556
421597
137245
496061
52862
180912
219474
395249
328472
285151
114958
335838
256391
223038
150641
374000
11781
381517
477805
126043
344938
380121
520066
480754
44724
523788
137677
200676
93844
16094
133160
99262
369499
154381
46396
125721
107800
417784
273110
418904
123768
63286
520488
295843
474654
198999
209379
45778
236130
398957
229532
127395
219020
221314
327880
398559
318520
406240
18484
196592
4659
158740
300603
202518
425484
288861
2430
154945
146208
507602
85684
58261
33869
378945
15191
73176
458687
349013
393491
15042
118701
95126
364468
19582
42565
56910
274575
288326
173105
209623
381858
275802
260452
216233
383142
482249
371176
523985
510830
163344
390924
173599
501994
339289
425964
23070
189225
143717
483066
349940
143109
495580
232019
450778
45856
313606
244484
215649
137775
26874
436542
113444
324449
424999
438009
443747
364203
113939
235785
493429
87807
315011
196571
116762
437398
486419
496258
259085
338528
336157
162688
8040
285377
373692
184632
154774
301112
364991
245358
386617
346177
412691
441943
25308
359144
19389
338877
73046
301270
298000
180908
273962
230825
68083
280412
29086
106881
217716
465611
392852
78916
72612
167037
494387
233112
521833
318075
427235
457836
208451
121122
481220
499497
340320
78270
249178
80735
250167
308013
433852
180064
401901
435389
463920
129170
46670
380906
183188
184656
150603
406693
519255
481964
222199
299669
188656
514008
111292
213627
27736
380624
450201
237520
91098
270957
229554
272111
511099
295920
311732
59092
11575
41959
200803
165386
43135
433940
188679
416926
266429
229843
258111
216467
360075
40246
392452
425980
336470
95171
358981
324097
306267
367095
434645
228177
345747
503265
115643
484418
512025
330849
172531
73678
515650
439423
462968
364790
415821
274198
71186
452406
36578
2516
278578
76
282304
212881
152
395651
300534
338145
393295
228075
152
70847
176518
415714
500288
218256
389831
366369
247598
53914
329380
38271
50485
372662
143219
196327
291032
211211
248867
179750
272678
171303
44014
219636
71974
467172
34469
491368
82135
418469
357316
53937
113868
462824
96468
58046
171158
83243
345728
98478
426928
417784
47634
181107
105640
29577
444338
515831
131922
346417
380173
12656
367867
201075
102972
360132
381706
122553
196586
11237
75859
499515
379553
249157
36194
432886
302613
288553
498479
29614
16487
72646
485067
369142
191482
121229
64190
451636
427518
209001
217382
488287
164889
465890
76
468325
458900
326321
19286
186791
12440
330631
366664
267048
18668
503657
207842
490231
98101
487744
454030
339783
295006
88828
247987
483035
393781
488956
178878
474752
26744
426202
215342
493271
182582
172747
408251
444502
518999
316996
75939
218182
507440
450335
299500
40577
432430
321575
482259
386631
410199
29049
20979
32193
223883
60497
418483
359674
369214
88287
404074
381840
147624
445401
170122
277581
145488
358024
205170
308866
98852
71608
233304
475486
239069
500298
216095
215513
336794
97725
452405
286537
32541
1968
313598
137212
433645
303305
167970
313662
169733
294587
275882
402041
119294
256445
269852
514694
130502
287193
315722
304127
154481
427452
111511
12371
338690
401950
226942
350562
270081
210570
299096
191252
286592
350898
66432
458788
236208
304897
382143
181383
233329
243052
195776
323464
193188
40709
308703
171773
430139
67186
506315
47263
296496
12862
99925
401713
212960
137526
435376
78581
355229
55628
438173
278362
276643
22648
258175
148500
147432
307298
32909
419746
32343
112950
30133
29100
462620
324512
510701
419114
364140
230071
140686
272584
85665
124102
261394
355162
51620
107814
494454
446406
423225
385441
475838
369295
335970
293872
376429
445073
252689
19872
506261
391474
257926
406959
286292
238124
19701
312886
244354
51229
2791
132603
324481
197124
18890
217041
201052
460555
132845
494362
198889
101753
415865
244404
485018
79484
454750
159132
276633
238667
380356
194676
409692
382490
249498
380133
503870
246233
131202
362492
380173
475242
419601
263820
9504
154253
188388
19351
169108
284719
256707
308695
435194
278429
428294
1556
328400
287932
439612
26340
344102
422620
11049
243407
332074
385004
15681
383056
132949
7489
15790
377513
319772
411969
482012
322588
456585
519512
146510
283042
168870
162776
264767
112253
272426
324787
212335
32739
276562
115309
17141
45305
515924
385283
411832
278399
322106
461783
30069
517142
418264
45517
426727
331433
201830
395009
169984
189945
144565
6927
368725
129731
280528
297657
197835
295432
106073
402771
103300
312920
362783
482101
282028
518892
493605
389633
204413
477494
142117
356489
263568
77614
78605
170695
425042
41520
104969
460519
26667
476835
385406
40470
313040
323568
473105
170073
68443
388428
86983
202473
522544
3396
268607
156601
447731
111428
124202
164300
433959
512468
470525
288291
270117
399860
486
4416
367016
372376
42229
468490
139028
336882
462246
523918
141005
324875
352656
183629
357298
42840
229766
437631
410321
204254
269839
200360
167635
27489
1804
19866
492509
182623
31700
29247
389112
26231
424599
439510
50246
474413
73637
122536
394062
105166
521928
169393
183942
279024
11192
359912
304958
503546
488989
58278
251421
245824
75068
88739
302235
418962
92673
6921
112425
244321
30368
143865
471705
451110
460176
311793
358956
452275
227188
229558
224469
354951
473118
26730
70676
321432
340167
470513
156535
176725
225676
244224
301642
256148
205222
376312
140720
26939
355183
374334
32712
210038
225278
394052
98456
420361
15740
492756
338692
237628
223695
380984
428520
163932
414498
437341
410401
414857
277656
420172
521728
209721
17047
522404
258922
130513
210455
148649
92941
201486
267433
12087
58508
498067
365754
282781
326881
220065
352122
516736
92236
143117
379918
420845
146166
502356
191833
235079
164172
85879
82010
51815
102777
217979
400280
421429
446350
347242
71882
140175
135588
125666
387259
132482
393787
505417
342390
2062
335456
437216
422410
264248
260491
179844
68302
505628
267324
469214
69567
514140
489573
471190
329350
262964
7642
103420
342902
422611
411207
411112
410528
465386
173413
177676
361922
460017
214349
237084
385688
122979
204831
125005
245892
365362
475696
260563
189060
426706
236525
374757
137198
476738
221471
153562
91228
287814
441056
133605
332209
48393
82481
167804
172661
30453
249142
21751
21415
515612
378232
349957
355645
412951
435656
361240
31489
340367
65540
160122
250193
22677
40180
81705
392618
459170
318438
293367
206822
34300
387846
130947
265623
313659
421096
433041
455680
253554
426640
79495
38523
125982
131925
369423
419740
312816
490158
364212
331493
282930
293817
452769
13509
14678
122747
123552
246561
91818
14242
464366
449279
221138
451023
297107
225897
45366
96339
192606
227489
330145
285383
379685
154645
58342
345235
102967
209264
241504
152
380113
356997
152
196456
424257
462848
189898
502716
472720
161265
347311
91173
244565
503089
261700
483577
422202
176670
188342
260313
146682
489501
305556
180329
419825
264294
161726
470259
142609
357735
59469
307728
281623
83018
162796
465787
268868
240142
132831
414061
514429
298146
6710
454298
398422
211656
96398
2656
128374
322845
302642
65543
279663
468290
521438
347538
501266
379415
295629
376104
318512
313157
375531
136791
503933
513947
329995
185258
293392
126
327771
141660
404368
461687
269752
277626
286759
35831
27713
21963
233316
426048
174254
65452
398365
97875
356929
211189
510801
428047
80063
221694
191997
276046
228919
263715
485445
133594
389146
61007
76023
518248
380213
367298
44822
160000
521592
328418
464733
10532
14529
173447
243419
288816
340589
436354
365158
2852
15171
515299
435928
428239
46109
467162
206066
59500
385784
334392
524064
401
27305
18614
484424
289412
30324
15143
509123
89975
388882
367725
17574
99165
368382
169334
309952
215463
249427
502517
252690
194683
487875
164763
231682
255567
464771
428575
217788
62082
508357
225311
214708
302656
506429
48944
485864
194007
98275
167087
138705
262667
98754
483227
273891
394551
88699
521940
54530
449733
436549
366438
169930
267082
419043
321223
16448
451034
56218
456394
491405
448540
320812
327338
280571
180102
515828
34460
445722
355415
468516
96515
143027
435317
484580
161699
479101
263982
215009
469183
282806
86060
106340
307230
315095
317891
99311
10454
521005
361379
242234
414465
309396
382734
499218
54702
300508
101538
236149
267424
186883
52452
325977
89141
52280
263356
292340
275535
241170
352674
289201
447953
427925
439411
446505
39837
186465
286068
342042
197830
516059
34742
474228
88144
300345
17061
187372
430747
248766
487982
319340
330493
19692
317877
79120
99082
388202
2410
22118
94272
87349
135112
331936
458974
342440
240260
191507
59644
131429
8405
367408
342651
468362
318659
485901
100033
39119
487052
371795
350266
140915
375946
177948
472756
369712
253597
387236
434142
517231
245066
63093
124075
123680
300194
313214
814
12032
472992
62670
65958
249489
160828
231020
230817
125306
224736
85005
133119
467784
92298
290941
302737
391701
383924
278067
392426
495828
211450
4291
470240
126710
457688
93851
392620
348130
243738
340915
144858
136660
306346
422709
64329
309176
345146
295014
466266
459106
105222
119571
352416
170281
435730
233236
296808
353100
380337
170801
323003
35395
467932
399980
246589
285710
229432
56261
260532
76563
286298
300998
223342
76389
44183
134361
147470
225798
482606
2348
125709
273429
361463
484874
228794
70250
409963
467045
140376
504858
65022
419681
502664
303196
15229
94945
389057
261912
286619
234702
500687
112881
58852
504247
221560
215872
329486
450924
131669
373672
84529
80032
297915
231797
107332
72629
58589
294550
309794
227737
218321
465451
200156
235771
360683
277525
112396
214976
274438
224499
252846
348141
217933
6086
340498
94681
413987
325466
470320
386398
439097
125663
100307
223937
25017
315739
133357
336662
409524
38569
23120
417146
331691
237244
497324
37474
441220
224545
465892
371681
153977
328648
453520
239836
340992
235853
318887
96013
520012
496572
115842
129887
156113
316082
18777
318493
522880
360124
440661
55053
276236
166992
495435
125944
276979
120804
470933
386469
251262
506163
274840
439111
355371
14007
150975
478993
344179
216042
41318
230091
26070
342269
249971
426227
88367
369817
299989
362492
379179
335972
324642
472335
270970
256742
356840
73194
361227
146786
387772
319247
91012
395173
27653
520484
37679
168883
5760
180073
241521
520305
117397
246840
176762
490114
381751
420340
205260
402150
317377
457198
271641
1559
353429
300503
57605
463295
88359
407294
199582
314251
489814
460464
138898
275093
44334
409439
357219
512803
98650
509239
400556
268075
256079
90844
313323
234594
310418
396762
80773
323893
60891
395119
111730
335006
254152
516055
64962
479393
26762
126376
163296
100052
483055
104253
112900
265361
77462
260329
259620
414662
259422
159255
236936
326518
388115
410063
143776
1027
183532
335536
416513
190613
161936
36068
159339
437183
499104
143184
208051
253743
483228
335276
97595
463921
471475
72615
183363
188363
68642
300572
281081
304874
134064
351997
359748
58952
355732
205753
181379
92460
441016
311298
380009
463192
180565
458327
392085
83642
201741
515679
197748
137235
181135
30930
509431
16609
467290
489768
290374
119358
372062
499745
98510
390579
273539
46483
435880
203948
386414
104573
117304
137965
168720
297429
68793
507169
35490
352740
457400
449802
109108
346153
189672
441616
290643
489064
221706
467165
463217
505821
522863
409993
154030
248718
269718
296574
176121
393229
253022
502757
169626
10095
37328
139471
462661
210209
391166
262289
154870
497749
123750
209018
484253
506438
317008
284601
366414
460765
179712
219949
266595
92090
42230
58082
234795
74967
154557
183836
99973
299658
349586
413031
100654
281675
423708
361356
311984
382404
499577
344102
291291
504857
59250
334886
471667
106625
350597
249300
98656
106029
201282
489979
259950
82155
171279
191605
461477
105870
506924
94120
2351
241922
381338
83827
491841
72273
412166
55497
372524
507564
240264
213600
501989
102966
457852
630
83327
312094
342208
17374
59938
396115
462035
298271
59164
505464
478159
516584
67
179201
149626
1084
399642
103303
157271
425748
244949
161929
512194
249
500615
510776
80
32351
62971
227664
382977
223361
300
329461
121250
7018
445202
474312
265421
164
360691
481589
443759
327758
367
293296
403970
152
161
225438
369809
257166
271868
429198
287989
274325
195925
518273
8088
395202
180994
238623
30011
245594
107949
365422
12258
523063
166085
17257
459177
186135
98038
61699
201060
259147
168489
54744
294045
241598
199074
311854
127007
109556
252748
16154
140840
73239
455528
368945
208104
443028
158814
152716
169984
516963
282735
182761
186465
112070
372826
326423
473313
9080
317848
392399
410901
309397
274564
328512
349270
57450
270793
222905
333427
220005
191470
355999
330920
145007
49731
280166
312935
21620
300719
323197
92290
35936
34485
417862
253009
358277
353264
434909
477024
413653
140735
205484
222973
408771
258472
127710
166340
217909
309864
308542
258404
229043
29506
70792
214267
467338
358213
272934
188999
303038
416839
178904
380931
101926
329084
482415
241117
52845
141900
247995
299545
443440
293839
276850
189742
459102
405641
173431
291983
64326
378357
59753
251911
385726
397046
222469
196371
436642
405784
482200
361266
89508
342126
288992
174694
40661
427746
46602
499187
458097
475352
167189
467875
417663
380896
112706
128403
432310
111641
238932
407131
485434
248981
430075
467675
484507
385303
415243
105317
323297
495098
23981
146941
429131
445487
170883
318160
158601
3850
223757
467315
53699
273274
458675
5713
382280
359317
422623
240634
497221
172668
73646
140931
323781
210072
80355
142550
172157
129527
455466
370546
363209
410370
514607
299059
1275
235083
93231
444788
415285
514934
55256
445465
422692
53369
235394
516932
173062
340495
441433
339505
320340
365425
226758
485741
45133
279309
348884
222092
200314
469975
175159
243974
361723
177127
121738
131761
364993
16372
282616
103668
327082
55302
204990
76578
447384
175489
464665
150538
470889
375996
361642
434374
503286
291913
371591
150078
76
232669
356401
230438
371740
302147
507340
132713
99172
156219
59924
14157
431803
33831
272641
456639
81273
110283
384992
150639
111808
251702
75817
191055
275414
402863
427959
153600
76601
394524
212724
391005
283769
51651
211025
258810
496156
519177
505825
264986
75306
196048
264144
322758
458848
28413
488444
18964
352298
520062
439170
214370
420202
368013
236400
380044
473288
158
118456
340631
444379
283320
313321
49827
404334
273843
514229
468929
382278
20969
161100
308781
54740
108974
437380
304817
132606
467181
264184
490574
419261
500406
92033
73089
323749
398896
23653
521742
423312
243529
483548
132513
271012
267916
299994
21802
2791
96874
108969
14901
246448
472073
368925
160878
130555
231354
310966
61438
3567
441990
343772
2187
63080
179298
75499
482050
235752
183058
6928
242173
281572
520795
473740
284998
448647
339436
112180
309761
352721
456747
106033
94870
523881
266299
65642
57464
215578
451560
433788
93912
50596
485441
274122
189840
207428
179609
124589
357893
164355
489016
70325
144387
147785
128933
143662
218158
482489
302529
327449
143101
101464
292520
441147
233893
524003
518368
387250
449240
495074
93610
408986
360043
50011
387919
213410
401022
214330
311843
275887
319912
48749
305443
352079
91455
10698
166540
134881
390485
347026
478798
145014
228662
61439
155691
214754
22144
276963
477727
165560
191595
432049
171932
284714
521967
246134
35520
50325
406528
182261
64534
442939
206772
77914
176233
141283
162743
371596
78888
321001
239004
359831
296963
494893
197307
253797
64581
350974
69819
284018
472441
387716
497338
4537
309693
370229
59001
211982
266796
481489
27450
247275
215232
277154
450215
308670
504318
441767
142380
146014
151777
319932
46868
83121
94216
59783
82421
182584
339555
237401
172424
223265
56023
128040
92447
479917
508935
296543
518763
289355
319712
449389
81157
232640
15925
27116
91670
353869
144636
411773
435805
388381
134648
53468
480632
242680
461820
465265
44912
244026
516122
128129
75480
10150
380912
366034
344401
62580
446565
295140
349078
291375
271580
308357
208659
203402
417266
76
355535
236403
217335
152
65128
83846
286736
257542
309700
480966
458977
220269
258595
294898
124560
317466
12192
162354
367790
512896
24121
112605
83014
378381
512039
96667
220473
284169
361499
116065
473359
175881
311998
344782
462667
217469
511806
260254
208430
97001
379040
44089
368562
452657
107021
79435
53537
140756
59979
217532
110287
44661
368474
213322
161736
404657
439606
520128
339192
107838
8036
382497
404977
387988
441282
250993
67746
22792
478403
68484
276614
109806
160583
53112
118357
63317
41800
260830
401659
86015
349185
449401
225999
320324
99825
7584
42954
499971
46953
16681
502643
181414
400150
502108
504377
271456
266599
279328
323797
473311
356236
276780
465154
491622
209466
128904
379642
23518
466462
364225
299698
471375
497761
280985
391374
476607
155768
125297
449311
65095
342725
465395
28190
269563
162228
140713
266005
81947
423580
389301
412850
291477
75352
521079
89823
372221
11839
229791
360885
177173
332043
173893
30264
306172
206977
405819
498456
309596
331077
79895
318089
176663
298481
523106
501887
224692
501615
278143
385125
398850
18039
406718
103617
237486
221787
171227
123023
423373
273903
147953
46646
36382
57330
321452
331742
42667
43131
509413
323603
363594
515498
314928
454490
407250
78211
511021
337837
239412
480433
56929
9602
80551
242348
473137
374035
58350
186038
101706
22410
49507
502603
60902
290070
151627
300553
114005
272532
410051
119826
2522
524181
508255
456882
178401
94353
162236
106834
166885
24400
510331
420979
521325
373374
100528
148943
476960
486732
489000
55193
76713
507472
331757
389855
121847
25789
79040
2198
7462
125135
156164
115011
207221
458689
82189
167699
152136
240804
320544
37505
13338
291968
72506
355695
60727
6643
489161
363319
117395
206498
422048
387704
290666
87145
42534
413193
241549
213617
517352
117114
383542
426592
516069
194927
262718
407724
402890
210617
320388
100365
272057
8160
461945
10071
154658
516255
286855
506742
5088
48210
457752
266359
1348
41614
277552
87122
396307
30340
374048
304948
348102
65185
523615
400862
271172
39637
282911
416654
45897
408352
284492
348951
203069
45746
436234
153259
144088
409651
169538
316181
202005
183124
66491
288546
237468
471055
125958
4356
460233
172292
198586
243372
46017
50982
2734
38167
100169
234693
409101
208325
47403
304324
440092
220051
8766
485275
5504
119202
201694
101136
141120
6391
100480
230831
443767
479513
365611
446375
354919
385307
135877
296601
28540
247617
401279
467349
60771
351654
191398
417414
38076
498493
278869
353514
440904
271880
519556
152461
127976
136007
302501
87631
71762
380218
313876
69434
137482
465057
189767
267506
168538
140077
427986
301644
149481
394815
170263
139890
345577
125986
164018
103482
97033
347778
271199
108749
163688
23325
78602
68154
129010
370798
192469
242000
443115
194330
214371
134688
159595
322963
456934
197683
311956
287077
460260
106223
404004
28390
172516
138630
78337
273476
374732
197581
244037
199472
427793
23823
472063
436779
338773
31436
89807
502726
168368
189119
246527
229090
491591
383552
23758
81687
350452
454122
516851
274108
393828
131528
223803
186666
44477
70033
346563
302102
148786
202459
94358
271971
479000
422823
89822
25744
483850
366328
478242
437072
501022
151944
440571
48490
446410
309300
309857
132743
133481
378779
153109
217263
117583
135997
119486
114522
392587
25915
136397
5709
441241
487737
433030
404036
356698
272030
286126
456881
431392
514519
117960
116780
270563
212154
488786
330453
379735
3726
85484
370774
279807
433565
484961
176852
116689
392476
446186
150935
81055
505461
111300
320530
239865
115390
19529
458440
141904
326611
374476
88024
205894
483559
444695
369152
29753
107987
421371
118516
201312
290745
270933
119036
174546
206199
63893
428998
482664
248522
364302
299945
308376
42735
195893
250988
272788
16245
244528
66624
479104
286141
61754
152194
383410
426199
194374
459213
177335
256925
362794
345131
353796
277883
276099
243858
129697
225211
415362
122213
332747
333029
160814
340825
209535
51994
506108
496948
519300
55732
204139
522858
244147
49582
227145
285305
420999
238054
427274
314801
117672
299758
499890
513889
93326
373628
337166
178295
289586
420152
64498
143051
304541
431234
139600
429946
459309
423921
134333
335878
461725
280875
442115
31672
523114
445594
373175
362489
279348
159203
96703
171739
225657
103249
170575
409371
376612
381536
116397
505973
307496
232482
394342
144810
162955
246111
174854
100825
486140
425606
366119
245768
338474
311119
352712
522449
223937
369800
320612
456472
67280
159130
180936
119738
14896
122252
461515
383608
463570
460437
316995
412404
449062
517005
396608
406453
271255
167805
235816
242568
201359
52504
229312
252896
364118
46453
516663
85343
70892
323889
26297
210808
472886
302639
163895
323990
137369
34911
124631
210237
258240
307563
470376
80735
506636
211668
336991
426265
101017
9508
131407
77491
456389
220624
412949
56031
10952
379103
418746
278357
415873
193471
188749
114552
521405
363098
311886
399334
268757
305457
35768
467313
169210
494195
77334
201521
327430
502505
418915
118438
263158
413728
522730
373473
204403
479703
211673
380188
370590
249361
195343
376194
383455
257373
366517
198873
143281
285015
142854
269211
501959
197841
26922
495343
139965
270128
431318
224930
485981
60894
208905
37717
392715
491926
505776
514303
474252
464447
1118
444749
466146
53928
287673
444301
438195
111264
85483
474469
174978
472534
486044
183765
385487
183429
292746
313862
413299
22685
453245
114844
253338
360701
219207
347253
359085
263502
114367
380441
424924
213718
9400
392711
109318
433943
87998
348897
290737
57621
187595
368078
283763
298088
484338
160727
38403
432896
498750
65150
179615
195683
285920
492187
158860
364815
456731
476073
329210
16075
42560
400491
156571
452926
109929
317759
321696
413018
392256
244820
327644
289562
237649
81373
295603
378817
411275
296370
988
42800
266466
201060
364486
321735
260152
302689
290215
313369
487463
488083
522830
78222
298704
416924
405334
263932
279865
52279
91758
6989
360534
452767
341103
384882
35382
352150
483218
105183
388418
371677
417864
258179
62073
445080
405122
179555
183923
196827
147492
232951
243322
236799
416236
56322
156908
431501
165473
118688
440947
334615
289570
321140
47461
464327
120735
229231
276581
94514
169842
272521
300413
210277
327506
511247
514697
454646
106808
437737
520403
364733
493930
488637
39159
488600
430650
74435
79583
390886
295899
196780
490630
408820
414588
447171
437601
99383
191678
286911
266395
282265
174945
502838
377482
346970
381401
407951
423372
476333
336469
168198
246926
524287
168040
258960
384855
108573
253750
186355
379076
316400
348701
359697
121169
439453
463264
422950
293085
155277
484543
451613
450168
106402
152267
233568
476772
269
413036
113606
120584
236882
271247
469243
295035
476106
169042
61908
210559
308321
522114
396261
1098
410705
75671
469111
1740
46062
369503
323208
39401
49656
399371
489183
27001
263
60557
199235
188005
21103
278501
219627
412461
8664
87567
172073
79
135585
494391
231294
1000
219369
17691
171806
511389
814
88475
51227
381724
738
252314
34196
351
94268
204644
26574
310471
189
463569
18342
1330
107
287973
77917
437726
268707
83746
222829
141179
282628
375645
432956
317962
353796
501494
231492
484964
24442
429067
212176
368721
312723
4663
522474
341321
360025
54289
359376
16181
30753
492640
453805
507092
28206
46067
319119
28684
128779
230040
326701
321356
121365
69011
187754
522425
334382
70134
176061
134541
72014
515141
324523
425338
140034
330972
86416
366927
383683
473012
89571
478930
397933
154038
127857
234852
146374
23418
286473
109403
140058
301291
116850
213393
491671
457328
357319
437557
320198
276958
462444
493395
135795
430468
22714
234167
399676
71668
312611
475135
392676
165616
385666
388446
321536
55935
335813
244149
437957
144190
77414
118425
207870
273209
197829
19496
223053
294935
95762
400261
306329
44096
84176
400472
284630
504837
496366
315625
53238
201167
387484
332190
214316
61109
421767
256913
159578
418650
137205
58888
372095
422153
434868
361463
477547
444836
296106
335596
93969
34307
46798
198335
103176
65656
355872
416925
140294
369666
213356
402591
212936
329997
348756
321975
379199
488203
236095
486579
201834
506138
448749
361819
134192
88141
462773
9877
406252
350624
385524
250913
197052
281560
427281
68541
80468
18818
180247
51280
312850
217720
115541
223958
46103
363115
443423
4428
247030
38684
404893
289854
504175
202547
467104
446218
277574
503874
279479
41900
258707
232901
99472
670
330863
473122
480806
108248
135509
428955
204762
2025
482190
390793
192281
155712
503178
477942
501907
325185
453109
227260
294202
182238
383565
18210
74765
392511
174392
203820
216703
419224
220836
160516
52351
349731
237837
415709
493967
149900
328815
486288
187457
504440
203160
142730
259616
383742
21717
115817
348352
425287
69065
266867
164198
71568
98172
321447
395021
275194
135590
62511
133348
260213
174128
431716
177351
124365
474447
394390
27795
491070
422172
326955
388910
352952
122181
115236
488358
342531
484723
241206
227795
220331
181645
481308
201624
436684
75768
325345
220630
141576
157055
286492
329107
2765
284022
90068
155506
423435
295649
382474
347543
5373
274280
56162
77619
117138
335778
506827
299877
235509
100236
149695
290397
57368
158309
330087
113406
337099
126008
265163
494267
96482
395647
62152
199146
165244
248904
437779
100217
436317
332589
385513
522275
469084
431865
78935
340914
362332
115336
355735
446160
153171
474045
7703
266078
178153
388009
310193
11399
476674
354735
268563
140608
202891
233905
111958
504576
256749
114464
128175
292037
281947
347447
212301
190457
231231
473690
328207
226327
323858
522924
473538
475485
464927
29469
152
408748
188379
340236
444217
127177
354775
8906
65822
4942
227462
151973
252615
339669
311115
228579
97850
89568
270944
275844
403116
227824
96093
310413
332876
210419
427650
496771
468841
107194
421401
37419
378621
53714
418815
412661
63531
468133
117811
360447
193538
272578
336067
6767
434966
334070
240343
484458
475213
280711
319209
256294
190607
198997
437363
129712
33916
241216
270194
453863
184619
285164
453384
312162
203871
8711
449135
399410
386522
232026
433776
511791
447015
139741
32481
377323
254552
387515
479057
377119
141270
250830
81492
192787
514052
392134
87442
126795
32773
150598
309143
345319
339395
272807
246726
302804
268829
261863
136316
100256
360399
90113
94376
226679
455966
77070
428226
343051
59630
42762
370217
29848
41545
151532
214828
270520
384349
297868
314736
331894
382636
459995
21702
316724
231909
510251
421677
117579
509907
247034
464429
64402
133773
81191
358426
100504
57576
110158
301960
120207
36425
488356
216577
290647
388271
413916
324181
123997
19895
113663
427499
347336
142997
519943
322404
75345
345487
213230
269589
385813
43059
217339
373590
247908
240978
150738
257570
391509
46745
340222
290498
70323
344119
386872
291181
91754
491304
140968
266669
406244
330217
335687
342155
262764
23853
19789
44838
248990
187389
24742
490520
489765
123365
32838
162894
101393
304415
81471
187756
306161
287156
232926
299150
177568
288148
345928
220598
148422
349764
265861
134312
314557
487382
340474
344072
466993
462914
335386
167263
87415
34445
520106
226175
208422
517714
147211
246071
287270
327518
122399
412769
188023
153595
283827
336972
226171
508208
356422
87630
321967
303409
182345
457952
332101
336376
353325
480457
247364
152
50405
73426
114179
190676
240023
48655
363558
33574
224806
221808
101060
494482
262908
4902
153837
236137
402215
493265
368661
190103
296262
346182
12956
271105
64326
445916
239761
288417
329776
125873
468585
298830
16355
248159
451144
342773
189568
183241
329813
146682
251505
454064
73705
111166
307768
50515
332597
42885
182578
252413
308050
69608
425131
161230
145727
195402
138061
114444
172565
236426
481996
168858
227309
308692
101573
110861
419915
409882
250640
140056
274808
433792
55014
112102
401490
391716
242034
234081
349024
247411
247541
89566
91567
79980
115527
418543
2386
59563
359813
313142
428779
86329
457314
163281
190272
379443
141405
419000
17413
8615
72165
272465
425623
94880
84878
207461
396014
332588
521612
27259
116753
46038
76
438951
383258
67655
86476
223513
200696
396748
181148
33879
363613
238434
238694
121645
312857
99009
352209
464284
33508
456975
212573
112705
311629
504275
206218
212925
367395
337588
419128
188999
131362
456785
160829
207501
243241
317139
477175
92873
129006
331092
308489
79078
253443
457080
248726
389648
84845
3807
157941
131207
185638
45187
448002
398562
92249
348080
462154
441578
417125
486815
59013
158903
334035
346333
438512
285153
324528
132954
312145
210837
446757
124128
18833
453731
485745
327872
467929
193877
496282
215313
101932
242102
206502
385257
471931
492714
23621
149502
45238
242364
63218
145406
243993
512415
98294
358334
258879
477454
141624
384433
401945
11687
202744
490277
223559
191331
349521
402854
190753
5227
505276
442373
417465
191680
415575
236595
195561
434960
424107
424880
360459
214734
356828
512372
252776
433979
391520
7069
248864
264722
2365
460035
115778
387000
169038
275190
265029
381796
129899
434538
444923
425874
307767
408678
476611
212695
139755
368704
485083
22207
13417
176479
514996
445415
470925
425548
15274
324571
144348
438034
349434
432104
212143
449097
380468
326182
391052
55263
399691
520309
263562
311398
395685
7605
43989
116706
47488
297120
61512
288981
500223
482430
241283
401768
67210
125412
159672
116631
222550
183104
300531
140092
249803
147369
171514
492953
105427
329632
90254
346104
45462
438227
59268
169768
292350
324844
40367
241916
450404
331791
353325
154491
41907
4129
410064
419366
110503
460257
505390
476254
35794
456001
186050
885
396957
394783
7061
113796
9302
427867
32360
121434
315777
439691
117981
260487
440891
424413
384551
447170
305275
90710
148029
354651
48682
304281
399900
273731
391578
379965
395448
152
368411
350228
266500
82986
152
69814
245212
514262
50079
121134
450184
26566
263747
85243
283834
75029
237823
416956
481088
475319
125009
196360
390998
105329
87534
220968
65486
442001
95032
233509
178923
194593
60367
362203
247132
330726
417160
278449
49779
523127
190561
163201
281000
482744
365638
365436
257210
490837
77531
326063
33014
478228
395815
345309
177892
395944
176770
294613
179666
6952
336470
122630
341588
277121
165696
280201
212266
289550
497834
421189
162925
69037
418605
37632
187458
199017
93343
304039
340063
271710
190267
362515
463432
69149
307931
472440
109694
1218
153366
458930
6203
413787
32257
305642
220435
172354
16938
386693
245902
28588
520267
85277
278835
246044
460225
295566
416941
58483
145640
46438
185156
230098
196194
368059
370583
50353
143871
292141
23234
392612
52311
443063
255133
342500
488364
462477
99267
159489
362475
506183
522134
9682
410257
337924
37538
58011
372337
341242
358953
426157
8109
430025
205287
32644
380935
391685
435380
24347
182534
3575
488033
351372
72270
179693
75132
180803
333844
246929
250017
117018
334879
324743
89712
16763
71712
173806
141506
357131
377076
12874
157858
137708
382909
401293
480000
91890
121578
170077
253032
229964
28603
25618
165767
99931
176032
431223
344114
261348
402608
508523
45481
280802
301199
224426
355540
446904
495746
422211
54991
181924
272600
393800
374850
250090
367485
109554
51229
376439
32820
297926
326894
354675
355009
281472
473619
280683
112696
416580
334634
389879
428969
175023
330168
368575
339413
319841
246617
264591
120664
402076
289063
111198
381065
39300
465128
139747
188825
116654
376358
350699
470698
50785
220399
246793
494738
292509
43225
304777
189105
480315
328992
93048
96092
222832
163549
785
313919
373437
105671
67606
465756
54055
446807
97624
454721
246517
106559
420602
28441
84421
138
140883
472650
99699
118021
449862
398901
123493
474093
128951
306473
55421
66949
606
343399
423421
517923
229967
295206
203874
384974
253620
16139
119128
900
453093
155421
296681
165838
28300
462828
317391
361655
89
121884
504318
48826
224810
257910
420460
263
34640
407709
350466
131473
189
173061
235751
922
1257
422656
299078
25248
434388
339013
307644
198588
410545
112332
108057
503617
363159
81144
84350
523539
471852
231963
111464
281641
310627
501493
43106
303596
127951
477058
329659
119685
290039
464662
150768
242025
177830
288588
125149
48711
255889
372586
209587
201724
355597
288670
201999
310557
190788
46617
109403
320790
107669
499518
167195
69796
413353
155199
49017
459022
372240
120213
72074
195070
248416
152157
99989
503249
475167
52132
483430
195047
455473
61061
420204
242153
472495
432828
362736
331583
16092
485888
212714
427137
284428
374118
330682
323649
487796
228346
334715
444941
79391
222958
274997
486449
45673
347960
33151
287388
188138
117996
405737
414104
436351
10131
332193
420845
279783
63822
330451
28007
180936
399819
238009
38757
129161
31368
448650
7846
366813
359486
392045
18048
199386
152378
24435
442516
347560
207700
18707
291447
490662
205583
322906
240803
443264
236272
103654
202522
225527
497473
144439
6355
191472
165564
205816
474892
311081
364191
423988
128320
105964
58184
355140
26545
248217
424973
85036
36142
288320
164090
262027
509643
287781
165108
482222
193308
258678
175949
478512
404233
74213
47974
107738
38346
399448
358547
130351
523403
437071
297104
122450
373715
423655
214951
407571
328383
177408
325858
93313
55995
175446
314571
125642
471894
90827
194696
205137
320702
504474
418659
433694
290075
356567
94007
34203
511983
136840
175011
31809
441579
423156
405840
145610
144338
518425
179891
44260
68535
155724
154726
410933
320130
287281
471130
513236
410863
248691
151900
5262
176098
349767
484009
175773
255905
139971
306960
519704
70365
467667
270303
19300
212568
275932
151506
395701
271946
111550
519506
36992
224721
183963
508625
311499
517173
515062
425185
56169
157593
180913
408594
249117
295302
7303
340883
433803
185150
118602
154575
19594
43403
146971
406116
418023
500751
500950
464374
126518
515818
338913
358180
40996
263194
251403
381560
318862
483902
468754
494815
163893
475327
387813
376713
98581
5597
427069
372828
168222
230947
87748
81657
468151
482874
471665
389821
15856
412267
10348
71173
294755
128013
196782
6883
93377
339437
169669
117858
469034
29032
341826
201768
188212
66279
521862
57698
364227
328261
310387
491664
6315
276939
180718
230957
323750
405565
132416
379335
523199
471320
501482
298745
434457
173707
110689
314939
399193
217291
70853
31599
215559
201001
181324
451152
214438
495391
353618
268684
480688
303535
248306
363995
287823
183744
153993
180173
140752
98476
199531
317758
171852
269286
407776
435096
304134
39724
285261
359710
265389
456819
268739
236048
422613
176857
22563
506953
281925
404079
294508
176516
30108
259733
248196
247033
328726
436657
237426
224560
518363
479907
469150
318189
277987
519811
351269
135881
263046
90519
436506
196256
259242
278559
244594
346623
340043
61037
143162
417441
271281
223436
392043
185861
148196
11207
458486
362253
325139
310222
326460
175606
348000
91262
24854
306646
309876
288610
509547
218106
113076
516487
442501
382764
161013
345075
455344
126519
271856
24635
76
230643
492286
364041
328611
7315
302250
32442
193031
248141
473709
500333
166538
514526
49935
223729
496498
374402
322796
6043
24764
325836
67166
138617
297084
15621
70961
48612
219377
272264
207635
284847
441164
416191
464554
141758
470660
298122
387821
99799
322274
300128
113946
405514
202985
409424
414757
258525
472576
420779
138879
218537
388396
455121
467289
356415
10967
236515
170141
103395
450473
361043
345025
172402
85086
467059
240775
281082
406846
286450
446863
67641
305654
250408
443954
424781
476742
332455
177720
452637
506396
263573
92538
301217
59454
46447
194299
296761
477725
220070
338970
337587
351248
182997
57241
314078
210356
494698
83689
310410
252354
323548
25947
68406
36143
368227
103394
212383
283088
449870
87325
140556
216323
54848
254157
23891
60731
235601
426751
388647
385717
500333
449664
64597
238748
177186
487319
371427
344615
277155
188815
322449
133990
311669
117366
487618
431322
27497
61208
391904
83873
348911
119346
181512
419105
188233
17486
1945
275667
358359
51636
325053
368091
108291
90105
511360
420156
201368
110049
180686
455028
446110
158216
328245
36140
233287
193729
155997
406889
429469
325556
164322
240563
335155
358646
406873
165119
481069
100017
265156
513861
276264
91232
229820
171676
213835
271394
52623
177535
102853
245154
88580
458135
47653
498707
131477
263590
76371
66921
94451
394929
142484
240357
416375
521385
91516
209999
439015
46103
336968
72237
124970
243011
144932
78761
247238
57207
232717
44573
348392
309730
281108
343175
127728
234797
210230
65374
4231
179440
285220
332397
502502
347356
466705
31991
299567
143138
487208
131326
266720
370241
254784
60052
184655
440044
303539
79172
25725
304406
343916
359631
271755
374229
195568
386123
454022
8286
367360
201930
158908
517354
59277
459081
213268
521618
129739
14527
251827
80601
159344
42120
446490
278202
381814
190942
64241
346981
41249
428430
31249
312756
43151
368994
104406
358344
68074
401288
492972
477300
136425
244275
89343
167281
443164
461331
85773
201345
402328
11404
489798
344653
186224
424115
34747
206276
108204
438006
523862
6725
220233
175362
278253
424268
35120
240713
156592
240283
498865
160847
430169
150245
377745
143049
46652
254278
510505
386978
115545
443061
392213
197606
430771
341413
372364
237747
378132
145548
31100
315656
165782
70850
514036
125719
18297
500270
225910
298291
41888
340008
154744
247542
264639
199218
313878
180219
513645
230050
330137
10808
479140
220516
427257
296470
180294
291728
290133
309036
202273
41694
356683
80322
18905
431409
345211
140643
312166
356066
431102
237079
396433
45547
329618
321475
175385
495794
10239
415269
291786
265735
54939
152
347734
205648
490302
381431
182196
259147
86327
183178
54356
513845
101196
382554
284725
68070
101270
407626
495585
44315
79706
339536
64486
362568
450077
160299
188863
256409
356389
291212
22932
90072
41420
225377
111239
155482
126771
423236
408791
139846
240261
255857
123093
445995
371654
449167
110583
236373
241705
347990
477943
241268
295365
452362
74284
435264
456587
441216
403778
494647
161359
339325
516941
385080
471465
201608
299052
488781
514236
64447
76
143471
51754
116268
208282
186070
86761
242937
498505
434090
426852
230621
356138
234436
379719
126868
205570
406963
196223
480800
288925
522484
240849
248005
219492
426846
358549
409702
190989
240636
174484
492672
486
468974
411024
22719
432714
226831
386329
105242
411318
55954
235008
216279
163362
21386
135007
1688
33200
46152
49215
284934
523682
508775
235857
298734
383247
433916
159650
432861
684
292673
86450
22272
337966
121964
476651
90625
378318
162334
4625
525
203241
207075
418314
326154
505565
119704
487047
289378
1997
268017
279968
86369
306709
185582
302696
97
118261
443693
360531
182077
510
444072
120245
1665
107
73185
67583
15823
353417
456662
462724
109048
329778
6675
523015
411354
44731
274796
117245
29596
435867
388322
359215
308037
231859
204893
10624
134590
199602
211022
514732
23380
320372
228763
200979
219659
415073
211279
88309
437847
426643
434243
319748
323068
252031
398562
198970
149117
247306
188943
204563
330407
254919
6874
350928
275018
435241
379416
279367
320749
295878
179908
343021
454788
295066
83642
33097
457424
415245
274898
445415
125017
285405
104976
228288
230450
441093
194396
386834
451954
44121
198401
16033
486253
87189
475241
35249
473643
321371
483290
241410
516883
312766
470487
351277
179673
104836
408293
454640
67003
95999
403163
117622
480675
378165
491723
3747
10880
391765
307664
276305
28684
216317
243800
64187
53051
505366
129819
22497
321062
470303
77840
448682
101489
248652
106391
329666
211695
407514
437826
406182
68261
498958
137492
137043
230808
386331
446707
304174
418698
231310
402525
394129
355065
388481
1020
462827
16823
470059
132425
316229
286382
248756
362441
245993
76743
297114
92442
60210
67362
138546
230018
104712
60229
266703
46229
224803
248522
55680
382940
431163
20834
170129
151897
156497
41014
277344
4727
191082
24108
83906
123230
153329
65545
392906
368546
26024
156056
510360
194648
521290
479635
116395
330254
181600
509507
71751
451054
153608
173656
410179
407024
504487
236091
43714
43431
337498
457143
408344
399810
483562
145184
419472
432555
95571
251671
81956
319352
87416
249443
328257
37007
323506
358956
227221
137061
187202
146470
97548
446486
507668
44473
389427
268873
212205
170876
306426
49182
91358
45846
166045
371074
210659
270505
373477
510529
188458
425838
521731
176212
312128
114338
442538
309899
226276
108473
247156
248852
49545
156071
139731
439371
467355
74288
489911
205174
375238
84749
167156
248265
240272
124621
201828
932
225303
37866
51984
15259
436641
491547
411672
255261
236412
329488
407229
261139
342769
353666
8553
295704
464478
414775
286135
490626
66632
276699
15130
145364
479984
448005
315456
141929
3531
447474
288409
168688
59156
137620
518733
78009
263329
77939
352327
313742
106043
78286
69311
218747
107576
372175
279041
443303
233672
385900
185991
298612
289908
218751
472135
338479
140508
227423
80760
213740
336805
497820
106070
264045
132081
146410
272719
138076
288340
179222
12274
8284
286911
210256
217340
173290
133794
506069
251202
116575
10051
520407
100950
412018
321373
361068
243948
52066
420165
197356
273159
316460
271459
341779
359624
14010
204681
374003
238034
280863
407956
485375
101396
467405
197682
236684
353551
73137
374375
398796
505911
7245
515643
411588
243552
463621
374596
82585
11043
45472
384361
74785
399001
524287
339417
441452
2164
76
132120
352089
182381
461118
185034
301557
112297
216913
155361
189465
206793
122603
13255
54889
299698
352099
449094
419724
347871
360522
54823
161619
492290
307767
334298
133767
46552
68106
447328
63271
22170
497616
416686
50413
118488
290832
447974
259488
268762
243207
196946
92046
118622
6751
224701
122520
117078
208543
281737
137916
395839
278049
22235
132847
332638
136223
355267
46576
6740
217371
204547
456339
37333
283263
386584
152751
462512
206923
117722
124410
350580
252721
127595
243963
230281
428975
495434
111500
23148
108219
493855
414573
133092
241987
135023
214309
218883
228073
488783
205870
175267
349533
367536
82280
297979
382381
487727
507195
981
440829
298678
381295
476482
222063
284672
301121
438756
349555
432422
41483
200969
510809
412183
43177
493592
293038
181464
163978
103076
22065
395132
45454
53968
395341
445352
148620
73916
246923
261607
222072
205000
121042
303033
346135
363703
162268
80952
40323
313416
515118
352955
343575
275300
340971
41493
76822
146462
184137
394638
107546
72546
17747
111247
185486
168602
89678
323925
155825
146756
189185
21735
445458
439842
39868
93700
460153
477618
305087
262738
402718
44118
276855
426167
381417
206777
168577
18457
183271
183850
226459
180454
356099
453864
470418
22306
57950
179354
402897
276925
255091
13439
382327
381696
322006
198290
432595
206234
182210
352501
301867
472227
176087
321249
143944
516512
10215
123277
259319
407655
359454
381660
506727
268667
21385
352898
256504
464650
194629
249094
420001
336601
462888
463706
386076
409482
101597
458679
189947
12869
348922
514087
197
102826
343887
417119
329685
117768
440800
97177
100604
451281
122
316840
123281
428789
305567
390
251277
415078
506705
288121
470670
93212
390
435971
112289
352030
508567
467776
183
483455
389578
194873
439751
503626
386430
6580
276843
366147
246846
1694
509271
483778
15605
180468
232786
360667
127289
148876
161
136962
370801
466215
38543
271867
124927
462
20248
445664
198863
512080
103
473487
283271
488
137
124461
268258
10656
450301
212025
335474
461649
369197
365544
20273
113265
350508
432648
296474
316399
333223
423055
508482
378830
212767
521940
385573
485021
510664
262443
445907
318579
58530
395143
240625
196234
129400
60244
118672
24044
485228
259177
417844
480708
454962
257461
347715
202487
98352
59558
363488
225737
122151
443354
471859
109847
143494
395185
468399
166904
276235
459602
167393
49785
228097
191212
106985
255167
254488
448265
96911
98572
139808
279526
443091
463138
395586
19470
371982
482333
215224
32129
403554
515489
406041
199354
416803
279151
463090
290530
223085
156684
395215
518963
181851
383613
405516
392232
343091
402716
17245
261615
346124
131322
521988
235651
415860
265170
457745
28035
152
110642
72173
143228
13929
419996
65432
249978
351850
48716
48432
20300
417563
492390
410872
471046
161593
474637
317092
385073
196986
56748
495694
62225
183739
415345
418468
453163
83944
171032
396764
194361
183155
108574
237666
13786
410120
410556
436106
227886
371180
157527
59820
117595
231691
134972
33468
58123
30677
242981
507018
327515
302226
473864
65676
142027
321331
364792
454602
210352
98308
271695
392335
445810
199511
171806
479055
178339
326939
317039
82311
166002
466138
316367
375333
396128
478868
136989
53093
2731
219877
162260
295913
65842
322557
228219
239463
513895
326517
307812
57206
401725
202097
120919
112381
173756
327131
308975
384314
98649
389377
62178
250912
75109
463869
476942
156788
255500
460772
188647
126265
346470
170476
112612
325251
322254
70575
373483
260315
495794
121102
120909
434840
128001
119678
193272
145292
383635
432466
373928
498401
61788
247174
16028
31072
457120
204091
98320
471227
441772
420411
346405
256087
301048
99831
355263
134776
136245
492244
300631
6535
214637
83593
50489
201821
72061
236208
467470
382986
503295
480065
117908
364842
10991
182725
161878
290556
444721
27563
512415
184867
309564
90891
476217
416022
73367
416330
31371
227853
435011
197524
312317
238493
58573
50422
456188
340858
22908
279422
157655
207081
19917
444204
319676
87720
452110
238387
74623
400086
313514
119167
317124
176125
96717
152014
461793
265752
77336
462122
403018
42772
62570
485650
137486
347726
38233
283032
1985
254391
215127
210980
164011
128137
189976
208971
488393
475805
483409
196589
401803
455004
378278
3058
336483
220360
194319
100272
314871
196521
226101
139319
429936
322013
408288
384371
501
522812
94065
301371
238680
235558
226002
372997
102142
70866
479529
468
394224
5033
335325
482903
343886
126
290174
403245
252
431999
295228
3171
464753
394744
96775
433
304617
56698
311970
20720
232
474926
149313
107
158
128027
374592
80809
404053
427663
441159
262338
94447
79497
161728
58876
60592
98863
459801
323125
49933
339
253091
150803
358152
351623
222742
375820
145885
469960
45782
505766
122289
250868
484491
251435
495
337817
328463
146236
137584
446173
239701
262149
160691
222016
22410
408623
207866
1054
269043
393232
38932
264155
482389
458940
486312
407098
105586
434659
631
508043
467477
404721
487219
187606
254596
491529
113282
545
12711
344397
207513
174665
396351
127776
1615
291733
201454
513757
462499
553
42743
128
270
109
524287
